[1.445817225433526, 1.3138647149321268, 1.0606898983957218, 1.0371253766447368, 1.1154471653932583, 1.0575171981818183, 0.9583967816793892, 1.1737506774902342, 1.0893241041666666, 1.058165994375, 1.0909915961538463, 1.069733246140652, 1.114053207129456, 0.99509220647482, 1.0127433289747398, 1.0620083532166122, 1.1579775853787557, 1.0507123137417218, 1.0957224070836338, 1.0467086813811188, 1.0778587218430034, 1.1192360583538086, 1.0540990960144927, 1.0294775790697674, 0.07167805036154827]

1.445817225433526, 
1.3138647149321268, 
1.0606898983957218, 
1.0371253766447368,
1.1154471653932583, 
1.0575171981818183, 
0.9583967816793892, 
1.1737506774902342, 
1.0893241041666666, 
1.058165994375, 
1.0909915961538463, 
1.069733246140652,
1.114053207129456, 
0.99509220647482, 
1.0127433289747398, 
1.0620083532166122, 
1.1579775853787557, 
1.0507123137417218, 
1.0957224070836338, 
1.0467086813811188,
1.0778587218430034,
1.1192360583538086,
1.0540990960144927, 
1.0294775790697674,
0.07167805036154827

