883827
915578
949778
907859
909697
888489
915149
854423
767209
758865
768484
849291
851918
853663
850964
852988
849034
853387
846485
853709
853710
856790
865497
852158
855704
851420
854665
853647
844325
852438
855174
857996
853094
857506
860837
855097
861810
852321
855883
853589
855693
851066
863590
850153
853410
846271
853957
855640
847415
24886
11539
9471
7310
6595
5846
5817
4589
3361
3106
3039
2922
2922
2922
2922
2922
2922
2922
2922
2922
2922
2922
2922
2922
2922
2922
2922
2922
2922
2922
2922
2922
2922
2922
2922
2922
2922
2922
2922
2922
2922
2922
2922
2922
2922
2922
2922
2922
2898