883827
915578
949778
907859
909697
888489
915149
854423
767209
758865
768484
829245
830029
829946
834859
829731
830870
830363
825844
829023
836440
832599
840593
840319
825769
836429
832726
833513
832743
824044
832398
834883
834397
830627
836325
839338
837255
836410
841802
832165
835702
830059
830327
837325
835474
835232
831790
828728
834022
832825
826085
24886
11539
9471
7310
6595
5846
5817
4589
3361
3106
3039
2776
2776
2776
2776
2776
2776
2776
2776
2776
2776
2776
2776
2776
2776
2776
2776
2776
2776
2776
2776
2776
2776
2776
2776
2776
2776
2776
2776
2776
2776
2776
2776
2776
2776
2776
2776
2776
2776
2776
2748