883827
915578
949778
907859
909697
888489
915149
854423
767209
758865
768484
893790
899194
897070
896272
893169
894960
889950
895279
898677
903832
908050
893431
900618
902829
897815
893758
897938
901619
904901
893816
908142
903265
902641
907102
897599
897452
899961
899055
903024
901977
891298
897498
903964
890980
24886
11539
9471
7310
6595
5846
5817
4589
3361
3106
3039
3266
3266
3266
3266
3266
3266
3266
3266
3266
3266
3266
3266
3266
3266
3266
3266
3266
3266
3266
3266
3266
3266
3266
3266
3266
3266
3266
3266
3266
3266
3266
3266
3266
3234